2.343372725868540785e-01 7.656627274131461158e-01
2.351724910013353320e-01 7.648275089986646957e-01
2.334885209003810524e-01 7.665114790996190308e-01
2.334319991486234480e-01 7.665680008513766630e-01
2.343583954841382821e-01 7.656416045158616068e-01
2.320733887411390861e-01 7.679266112588608584e-01
2.328105405581505638e-01 7.671894594418494639e-01
2.321420204230213724e-01 7.678579795769785443e-01
2.364716005528888776e-01 7.635283994471113722e-01
2.339528138248136990e-01 7.660471861751863010e-01
2.327553536822716540e-01 7.672446463177281517e-01
2.349005193258814905e-01 7.650994806741183707e-01
2.345313067842188792e-01 7.654686932157811485e-01
2.341173166063397759e-01 7.658826833936601686e-01
2.320020022570573881e-01 7.679979977429428617e-01
2.332738947362956450e-01 7.667261052637042162e-01
2.318602098561531044e-01 7.681397901438468123e-01
2.345346262677666660e-01 7.654653737322334450e-01
2.344553298024300014e-01 7.655446701975702206e-01
2.341785595667263131e-01 7.658214404332736036e-01
2.363991745388496768e-01 7.636008254611500456e-01
2.337673544356138333e-01 7.662326455643863055e-01
2.345090689143345120e-01 7.654909310856654603e-01
2.324822522419897897e-01 7.675177477580100716e-01
2.341981529002942486e-01 7.658018470997055571e-01
2.319625208373830016e-01 7.680374791626169984e-01
2.323966833648083707e-01 7.676033166351915460e-01
2.351279053488882498e-01 7.648720946511116114e-01
2.335051367771641684e-01 7.664948632228357761e-01
2.328532125595109137e-01 7.671467874404888088e-01
2.341135772296877027e-01 7.658864227703121585e-01
2.332204579927659727e-01 7.667795420072340828e-01
2.353925490516068364e-01 7.646074509483932191e-01
2.332638348396187389e-01 7.667361651603811223e-01
2.344195577156670818e-01 7.655804422843329737e-01
2.335778006989052968e-01 7.664221993010948975e-01
2.327193875402744638e-01 7.672806124597253419e-01
2.350636853520884084e-01 7.649363146479114528e-01
2.349181602267502444e-01 7.650818397732496168e-01
2.335862457314598906e-01 7.664137542685399707e-01
2.336226601178368889e-01 7.663773398821631666e-01
2.334487295618661862e-01 7.665512704381339804e-01
2.333279340240189126e-01 7.666720659759809209e-01
2.343731901279971774e-01 7.656268098720029336e-01
2.317713042152539649e-01 7.682286957847462849e-01
2.330736661998837056e-01 7.669263338001163222e-01
2.328472550220698489e-01 7.671527449779301788e-01
2.365731408683747206e-01 7.634268591316253350e-01
2.328526704417432647e-01 7.671473295582565965e-01
2.353787558329223928e-01 7.646212441670777737e-01
2.351536832758608087e-01 7.648463167241393856e-01
2.334334511866945905e-01 7.665665488133054373e-01
2.330131798387342357e-01 7.669868201612658476e-01
2.327307040177653552e-01 7.672692959822348113e-01
2.328927552231077613e-01 7.671072447768921831e-01
2.326051626033416309e-01 7.673948373966582581e-01
2.334847501224438793e-01 7.665152498775559264e-01
2.340699961079065194e-01 7.659300038920934250e-01
2.332879862315586361e-01 7.667120137684413361e-01
2.323555643868026321e-01 7.676444356131972846e-01
2.354561734015047092e-01 7.645438265984955128e-01
2.350420267581790346e-01 7.649579732418209099e-01
2.347580560280456974e-01 7.652419439719542194e-01
2.330514529851679673e-01 7.669485470148319495e-01
2.339391097466406444e-01 7.660608902533592168e-01
2.329599306627192501e-01 7.670400693372807499e-01
2.336991744631441992e-01 7.663008255368557453e-01
2.353304074148566682e-01 7.646695925851434428e-01
2.323937752793473754e-01 7.676062247206527633e-01
2.343146375738409393e-01 7.656853624261591440e-01
2.337889734029218736e-01 7.662110265970780709e-01
2.340259468071536897e-01 7.659740531928463936e-01
2.309041030710649034e-01 7.690958969289352076e-01
2.346364996786781121e-01 7.653635003213220545e-01
2.339135939561698407e-01 7.660864060438301593e-01
2.321022965342132427e-01 7.678977034657866740e-01
2.337707281864769837e-01 7.662292718135231828e-01
2.342444914142935986e-01 7.657555085857062904e-01
2.333257098967553012e-01 7.666742901032449486e-01
2.331849166136403806e-01 7.668150833863598415e-01
2.328623309371176120e-01 7.671376690628826100e-01
2.342523906944783685e-01 7.657476093055218813e-01
2.334519303653116440e-01 7.665480696346885781e-01
2.327873958113780284e-01 7.672126041886220271e-01
2.347210429756840799e-01 7.652789570243160311e-01
2.318990733641329849e-01 7.681009266358670429e-01
2.329454340751944685e-01 7.670545659248054760e-01
2.338291515885102534e-01 7.661708484114895246e-01
2.347519198156313713e-01 7.652480801843687397e-01
2.334352511127661955e-01 7.665647488872338045e-01
2.340449933958585749e-01 7.659550066041413974e-01
2.327108196625252978e-01 7.672891803374745079e-01
2.321437885164237547e-01 7.678562114835760788e-01
2.334667364659009925e-01 7.665332635340992296e-01
2.327266286014379459e-01 7.672733713985619985e-01
2.333324581009023901e-01 7.666675418990975821e-01
2.347370405458616693e-01 7.652629594541382474e-01
2.337346003648353154e-01 7.662653996351648233e-01
2.329688781759680083e-01 7.670311218240319917e-01
2.325509796470271173e-01 7.674490203529729104e-01
2.349478986058853303e-01 7.650521013941146142e-01
2.332565359853043807e-01 7.667434640146955083e-01
2.349058555109828361e-01 7.650941444890172471e-01
2.337792023743006931e-01 7.662207976256993902e-01
2.327540090288256758e-01 7.672459909711745185e-01
2.347123521421723702e-01 7.652876478578275465e-01
2.327864163554612120e-01 7.672135836445390655e-01
2.324823233317908910e-01 7.675176766682092477e-01
2.318932832828574653e-01 7.681067167171427013e-01
2.351378597969574769e-01 7.648621402030423289e-01
2.338572652858970924e-01 7.661427347141026578e-01
2.319478143762337408e-01 7.680521856237663147e-01
2.337202515214468201e-01 7.662797484785529578e-01
2.346070239975420746e-01 7.653929760024578144e-01
2.335185922498670408e-01 7.664814077501330702e-01
2.358263280924284833e-01 7.641736719075713502e-01
2.331616247619362481e-01 7.668383752380637519e-01
2.334845896232082829e-01 7.665154103767919391e-01
2.331287998372102710e-01 7.668712001627895347e-01
2.326293450566556953e-01 7.673706549433444435e-01
2.350931606062244550e-01 7.649068393937755728e-01
2.339673059602519201e-01 7.660326940397480522e-01
2.370252229599744687e-01 7.629747770400254758e-01
2.332570088455068469e-01 7.667429911544931809e-01
2.342860647789641038e-01 7.657139352210358130e-01
2.324654310372498422e-01 7.675345689627502965e-01
2.338973531796636196e-01 7.661026468203363526e-01
2.333050454777081673e-01 7.666949545222918605e-01
2.335081505672279290e-01 7.664918494327721543e-01
2.329363013077317413e-01 7.670636986922682032e-01
2.350041893886732347e-01 7.649958106113268208e-01
2.329394424773937877e-01 7.670605575226060457e-01
2.342064439547062726e-01 7.657935560452937551e-01
2.330890212559003360e-01 7.669109787440997472e-01
2.345877104739738095e-01 7.654122895260265791e-01
2.357043129613183574e-01 7.642956870386815593e-01
2.344832604944926124e-01 7.655167395055072488e-01
2.344189524828674820e-01 7.655810475171322960e-01
2.329313748219885294e-01 7.670686251780114429e-01
2.332864263051060705e-01 7.667135736948937907e-01
2.323988286897641919e-01 7.676011713102359746e-01
2.319265299656299850e-01 7.680734700343697652e-01
2.345043419901416681e-01 7.654956580098580821e-01
2.344947312521967475e-01 7.655052687478034468e-01
2.360763222168792419e-01 7.639236777831209801e-01
2.337118654071000945e-01 7.662881345928997945e-01
2.326357844514469198e-01 7.673642155485530525e-01
2.333605465796707856e-01 7.666394534203293532e-01
2.341966477347926512e-01 7.658033522652072378e-01
2.341806739230992140e-01 7.658193260769008415e-01
2.329143421162027383e-01 7.670856578837970119e-01
2.337614674800422288e-01 7.662385325199574382e-01
2.354501255010135186e-01 7.645498744989863704e-01
2.333293160425374269e-01 7.666706839574626287e-01
2.343531195774956055e-01 7.656468804225041724e-01
2.328335818029116377e-01 7.671664181970881957e-01
2.344356090548470328e-01 7.655643909451528284e-01
2.323140241569978115e-01 7.676859758430022440e-01
2.335980733175036794e-01 7.664019266824964038e-01
2.333833990515478130e-01 7.666166009484521870e-01
2.332487383648725876e-01 7.667512616351274124e-01
2.332663853940876997e-01 7.667336146059123836e-01
2.343968363163745905e-01 7.656031636836254650e-01
2.336091617536402432e-01 7.663908382463597846e-01
2.341792736113900708e-01 7.658207263886098737e-01
2.335273863165211183e-01 7.664726136834788539e-01
2.355720718239452116e-01 7.644279281760547606e-01
2.330962113671909974e-01 7.669037886328090581e-01
2.335536221940175405e-01 7.664463778059824595e-01
2.325457261207396487e-01 7.674542738792603513e-01
2.334916833937901448e-01 7.665083166062099940e-01
2.343541886282373699e-01 7.656458113717627967e-01
2.336959200022689365e-01 7.663040799977310913e-01
2.335393222978622563e-01 7.664606777021376605e-01
2.328919357647632471e-01 7.671080642352369194e-01
2.339553913098931515e-01 7.660446086901067098e-01
2.324868107895957381e-01 7.675131892104042342e-01
2.327543964002672106e-01 7.672456035997328172e-01
2.333525008043712823e-01 7.666474991956286900e-01
2.333296849972684439e-01 7.666703150027317504e-01
2.332505868748266931e-01 7.667494131251731959e-01
2.341254206470174126e-01 7.658745793529826429e-01
2.336494988088527458e-01 7.663505011911472264e-01
2.325714470053285854e-01 7.674285529946710538e-01
2.329830401297684761e-01 7.670169598702316627e-01
2.338954345802393975e-01 7.661045654197605748e-01
2.335523870784825262e-01 7.664476129215171962e-01
2.332647349373251078e-01 7.667352650626749755e-01
2.339566170417758662e-01 7.660433829582242726e-01
2.338771772528561443e-01 7.661228227471438279e-01
2.310668596970416877e-01 7.689331403029583401e-01
2.329211770647104385e-01 7.670788229352896170e-01
2.323339877193367209e-01 7.676660122806632236e-01
2.344937164990534006e-01 7.655062835009464051e-01
2.344028971544836470e-01 7.655971028455162974e-01
2.332881361282375388e-01 7.667118638717623780e-01
2.345119447301517446e-01 7.654880552698481999e-01
2.328704200908716382e-01 7.671295799091284451e-01
2.335376490337736366e-01 7.664623509662262801e-01
2.318320772941976360e-01 7.681679227058023640e-01
2.328889050038168984e-01 7.671110949961831293e-01
2.339170955191939572e-01 7.660829044808060706e-01
2.324878963210851579e-01 7.675121036789146478e-01
2.324840544685606580e-01 7.675159455314392032e-01
2.332993292448473366e-01 7.667006707551528022e-01
2.329774140057648824e-01 7.670225859942348956e-01
2.332275845515969503e-01 7.667724154484032439e-01
2.345338636456350823e-01 7.654661363543650010e-01
2.334967298321711793e-01 7.665032701678289317e-01
2.342120151112563053e-01 7.657879848887437779e-01
2.320929649927812588e-01 7.679070350072185747e-01
2.340996908606902405e-01 7.659003091393096208e-01
2.339706475517739637e-01 7.660293524482260086e-01
2.336750233535926091e-01 7.663249766464074186e-01
2.329610399068789972e-01 7.670389600931210028e-01
2.334165232467778905e-01 7.665834767532220262e-01
2.330227319092573468e-01 7.669772680907426254e-01
2.335500051070941163e-01 7.664499948929057727e-01
2.355327744274694213e-01 7.644672255725305510e-01
2.351070899528862335e-01 7.648929100471137943e-01
2.342143546507759744e-01 7.657856453492239979e-01
2.340058155662276818e-01 7.659941844337723182e-01
2.354414843969761251e-01 7.645585156030240137e-01
2.337457620872262776e-01 7.662542379127736947e-01
2.338601459774553581e-01 7.661398540225445863e-01
2.328062247057550160e-01 7.671937752942449285e-01
2.328432859406960320e-01 7.671567140593041900e-01
2.317382003006124014e-01 7.682617996993877929e-01
2.342960643666060494e-01 7.657039356333940061e-01
2.329486376147008320e-01 7.670513623852992513e-01
2.332248822161780422e-01 7.667751177838221244e-01
2.339368493750106359e-01 7.660631506249895306e-01
2.339345223579676614e-01 7.660654776420323664e-01
2.333270506378894160e-01 7.666729493621103897e-01
2.334002908695206047e-01 7.665997091304793676e-01
2.337724524124973891e-01 7.662275475875026665e-01
2.335837839459832810e-01 7.664162160540164415e-01
2.368620668696413412e-01 7.631379331303584923e-01
2.352482955621965632e-01 7.647517044378032702e-01
2.336603972307940424e-01 7.663396027692058743e-01
2.343034076645530150e-01 7.656965923354468462e-01
2.349704400063514498e-01 7.650295599936484114e-01
2.322610430590470731e-01 7.677389569409527326e-01
2.334195971448477236e-01 7.665804028551524985e-01
2.329823582359742962e-01 7.670176417640256483e-01
2.351567125346350762e-01 7.648432874653647850e-01
2.330690653754491914e-01 7.669309346245510861e-01
2.339330352047051254e-01 7.660669647952947914e-01
2.336057233265063926e-01 7.663942766734935796e-01
2.331478498049793235e-01 7.668521501950208430e-01
2.345024506740499282e-01 7.654975493259501551e-01
2.332163935790278475e-01 7.667836064209723190e-01
2.344296552832179359e-01 7.655703447167819808e-01
2.336153681328607679e-01 7.663846318671393432e-01
2.347190412919360480e-01 7.652809587080638964e-01
2.327099531616622641e-01 7.672900468383377914e-01
2.329614931585083093e-01 7.670385068414918850e-01
2.344508220589989200e-01 7.655491779410011910e-01
2.327091267102381622e-01 7.672908732897619766e-01
2.344739154278679127e-01 7.655260845721322260e-01
2.343024826183025822e-01 7.656975173816975566e-01
2.344384247357136908e-01 7.655615752642863647e-01
2.369990331919537008e-01 7.630009668080466323e-01
2.334315706379264388e-01 7.665684293620735890e-01
2.335596296460197840e-01 7.664403703539801604e-01
2.347590328835146289e-01 7.652409671164855931e-01
2.346945418818980889e-01 7.653054581181020222e-01
2.332715287439237617e-01 7.667284712560761273e-01
2.339438872247107115e-01 7.660561127752895105e-01
2.341664496716404642e-01 7.658335503283597578e-01
2.362404076641321238e-01 7.637595923358677652e-01
2.346800802580341627e-01 7.653199197419656707e-01
2.338853264654424391e-01 7.661146735345575332e-01
2.333835529888146076e-01 7.666164470111854756e-01
2.347272647655816447e-01 7.652727352344184109e-01
2.331512934231217415e-01 7.668487065768780919e-01
2.334772607992853244e-01 7.665227392007145646e-01
2.331060948178299563e-01 7.668939051821700437e-01
2.333769027829669107e-01 7.666230972170329228e-01
2.346527095257031070e-01 7.653472904742968375e-01
2.339878427726970467e-01 7.660121572273029811e-01
2.340738575400322374e-01 7.659261424599678181e-01
2.345065015508847606e-01 7.654934984491152949e-01
2.335181705264587348e-01 7.664818294735411541e-01
2.357582628195462049e-01 7.642417371804536286e-01
2.344423906062820251e-01 7.655576093937180859e-01
2.328031099954574745e-01 7.671968900045424977e-01
2.345929677708763206e-01 7.654070322291237627e-01
2.338965658784953328e-01 7.661034341215046117e-01
2.332127476536249577e-01 7.667872523463752366e-01
2.358191417140203805e-01 7.641808582859798138e-01
2.342339803125764175e-01 7.657660196874234160e-01
2.320937713756360266e-01 7.679062286243638624e-01
2.329640910772842188e-01 7.670359089227157812e-01
2.334245091629796875e-01 7.665754908370203680e-01
2.332133480775314682e-01 7.667866519224686428e-01
2.364115135701061465e-01 7.635884864298938535e-01
2.335012559328027704e-01 7.664987440671972019e-01
2.339283417156661493e-01 7.660716582843337674e-01
2.341865447296439806e-01 7.658134552703559361e-01
2.348563847387789560e-01 7.651436152612209884e-01
2.343704734192234296e-01 7.656295265807764316e-01
2.342210196660326205e-01 7.657789803339672963e-01
2.346117297241605837e-01 7.653882702758394441e-01
2.319989491219013877e-01 7.680010508780984457e-01
2.324510407214208929e-01 7.675489592785790238e-01
2.353207103913957932e-01 7.646792896086042068e-01
2.331362831442080619e-01 7.668637168557921324e-01
2.339860875802346196e-01 7.660139124197654636e-01
2.341144954918221166e-01 7.658855045081779389e-01
2.342092934924527026e-01 7.657907065075471031e-01
2.335595415592194024e-01 7.664404584407803478e-01
2.350037457346058900e-01 7.649962542653943043e-01
2.335753176086775851e-01 7.664246823913225537e-01
2.360609835307155568e-01 7.639390164692844154e-01
2.336357678705696939e-01 7.663642321294303894e-01
2.326323753725395571e-01 7.673676246274604429e-01
2.324436677313254651e-01 7.675563322686743684e-01
2.325379587704747286e-01 7.674620412295252159e-01
2.347289874277833366e-01 7.652710125722166357e-01
2.343275106781654016e-01 7.656724893218345152e-01
2.341917830441010984e-01 7.658082169558990682e-01
2.325381808887880819e-01 7.674618191112120291e-01
2.338822877676595136e-01 7.661177122323404864e-01
2.336284018650718886e-01 7.663715981349281670e-01
2.325941590778759227e-01 7.674058409221238275e-01
2.341228493176440717e-01 7.658771506823557340e-01
2.341963639653095730e-01 7.658036360346904825e-01
2.346878536667928727e-01 7.653121463332072105e-01
2.348238297125181118e-01 7.651761702874817495e-01
2.353427192609879037e-01 7.646572807390120685e-01
2.337888088558199851e-01 7.662111911441800149e-01
2.337923006142176574e-01 7.662076993857823703e-01
2.339306856447051497e-01 7.660693143552949058e-01
2.329147028375266604e-01 7.670852971624734229e-01
2.312606539333754152e-01 7.687393460666247513e-01
2.351154897952246747e-01 7.648845102047755473e-01
2.333063805942921509e-01 7.666936194057080156e-01
2.335837294165123701e-01 7.664162705834876022e-01
2.346992601837923631e-01 7.653007398162077202e-01
2.340520758894984454e-01 7.659479241105014991e-01
2.341500701208237001e-01 7.658499298791762167e-01
2.328871409072247323e-01 7.671128590927753788e-01
2.335029909996440833e-01 7.664970090003559999e-01
2.329300578232671448e-01 7.670699421767328552e-01
2.329872369184037839e-01 7.670127630815963826e-01
2.342459702295557888e-01 7.657540297704440446e-01
2.353266292572561147e-01 7.646733707427441074e-01
2.327919079769583677e-01 7.672080920230417433e-01
2.328341485039884529e-01 7.671658514960114639e-01
2.330173994708487906e-01 7.669826005291511262e-01
2.336294276823111804e-01 7.663705723176886808e-01
2.335704459357413054e-01 7.664295540642587223e-01
2.337042247627967306e-01 7.662957752372032694e-01
2.326275196379912757e-01 7.673724803620087798e-01
2.341033485624837707e-01 7.658966514375161738e-01
2.327766626409097372e-01 7.672233373590902072e-01
2.335180549635274272e-01 7.664819450364727116e-01
2.330521825977899253e-01 7.669478174022099637e-01
2.314390312583394504e-01 7.685609687416607994e-01
2.328322123133164667e-01 7.671677876866833667e-01
2.350737595955539605e-01 7.649262404044461228e-01
2.340771392039899257e-01 7.659228607960102408e-01
2.327530505527585225e-01 7.672469494472413665e-01
2.333590054324863605e-01 7.666409945675135562e-01
2.354978364775721367e-01 7.645021635224280576e-01
2.332018379022562926e-01 7.667981620977436519e-01
2.327688150114008703e-01 7.672311849885991020e-01
2.327582276337636091e-01 7.672417723662365852e-01
2.336241919765344177e-01 7.663758080234654990e-01
2.334385256307475176e-01 7.665614743692525934e-01
2.335817639718246463e-01 7.664182360281752704e-01
2.344666869025669176e-01 7.655333130974329992e-01
2.333474260267874023e-01 7.666525739732126254e-01
2.337442470295660324e-01 7.662557529704339121e-01
2.337966698173071511e-01 7.662033301826927101e-01
2.318816951023822404e-01 7.681183048976176764e-01
2.324181470814750405e-01 7.675818529185249872e-01
2.339416892562209416e-01 7.660583107437789474e-01
2.342694025084116061e-01 7.657305974915882274e-01
2.335420173147120249e-01 7.664579826852877531e-01
2.330542697557902720e-01 7.669457302442098667e-01
2.341812482201042767e-01 7.658187517798957789e-01
2.341568513468108570e-01 7.658431486531892540e-01
2.345667864644307155e-01 7.654332135355692568e-01
2.335685759978151643e-01 7.664314240021846691e-01
2.339155049205066117e-01 7.660844950794937214e-01
2.335558934067647752e-01 7.664441065932350305e-01
2.333777358768083510e-01 7.666222641231915658e-01
2.352176297576902830e-01 7.647823702423098835e-01
2.319437869763686932e-01 7.680562130236311402e-01
2.380621697936283199e-01 7.619378302063718467e-01
2.326583305091078080e-01 7.673416694908921087e-01
2.331836411730787428e-01 7.668163588269215625e-01
2.325914500104277749e-01 7.674085499895721973e-01
2.349201334694168974e-01 7.650798665305832413e-01
2.331270809429612789e-01 7.668729190570388043e-01
2.329303142092844503e-01 7.670696857907154387e-01
2.332955092579444834e-01 7.667044907420555999e-01
2.350507553189704613e-01 7.649492446810296498e-01
2.338852865726415153e-01 7.661147134273585957e-01
2.332155811725923344e-01 7.667844188274078876e-01
2.332160920413255123e-01 7.667839079586743489e-01
2.338482861610815533e-01 7.661517138389184467e-01
2.334801994414230364e-01 7.665198005585770469e-01
2.342358023693827118e-01 7.657641976306170939e-01
2.334128462934829118e-01 7.665871537065171992e-01
2.334493398666573072e-01 7.665506601333426095e-01
2.341929756036270349e-01 7.658070243963727153e-01
2.326203270278466018e-01 7.673796729721534815e-01
2.313519928746738952e-01 7.686480071253261048e-01
2.325838830575970850e-01 7.674161169424027484e-01
2.335083087379624389e-01 7.664916912620374223e-01
2.340816115709137279e-01 7.659183884290861055e-01
2.327669143952808828e-01 7.672330856047190339e-01
2.342218325841891602e-01 7.657781674158107288e-01
2.331616132133298436e-01 7.668383867866699344e-01
2.335080001591558208e-01 7.664919998408439294e-01
2.326300909959150010e-01 7.673699090040850823e-01
2.338386013306663069e-01 7.661613986693337486e-01
2.341925006003136023e-01 7.658074993996862867e-01
2.350285626459376886e-01 7.649714373540623669e-01
2.337369414031148229e-01 7.662630585968851493e-01
2.333500857786804938e-01 7.666499142213195617e-01
2.347363766626029968e-01 7.652636233373970587e-01
2.329323669295484400e-01 7.670676330704515600e-01
2.352054878848061636e-01 7.647945121151940029e-01
2.347685151049981322e-01 7.652314848950021453e-01
2.344593907496631824e-01 7.655406092503368454e-01
2.357186775829625824e-01 7.642813224170375008e-01
2.347981709123946881e-01 7.652018290876052564e-01
2.345620772456841474e-01 7.654379227543158803e-01
2.332958411917204211e-01 7.667041588082795789e-01
2.325240637056451287e-01 7.674759362943549545e-01
2.353640745022384240e-01 7.646359254977613817e-01
2.336384541716553798e-01 7.663615458283445925e-01
2.332671542232066797e-01 7.667328457767933481e-01
2.328751364142256641e-01 7.671248635857742526e-01
2.335876378755878113e-01 7.664123621244123274e-01
2.348333197751770463e-01 7.651666802248229260e-01
2.343661546253874850e-01 7.656338453746124317e-01
2.342696554037405898e-01 7.657303445962593269e-01
2.336385468211389371e-01 7.663614531788610629e-01
2.341887290533243571e-01 7.658112709466755597e-01
2.335554583269916773e-01 7.664445416730083505e-01
2.321346805903778399e-01 7.678653194096219936e-01
2.337171292720015836e-01 7.662828707279983886e-01
2.329371019278362875e-01 7.670628980721636569e-01
2.344780075270232744e-01 7.655219924729768088e-01
2.337311868935073311e-01 7.662688131064926411e-01
2.339915134162520727e-01 7.660084865837477608e-01
2.338412719656650929e-01 7.661587280343350459e-01
2.334303814749962014e-01 7.665696185250037153e-01
2.348690188522173095e-01 7.651309811477826628e-01
2.339189938201707841e-01 7.660810061798292159e-01
2.344826669599779922e-01 7.655173330400218967e-01
2.330323796661481206e-01 7.669676203338517961e-01
2.337180369764697563e-01 7.662819630235300217e-01
2.343548218311176934e-01 7.656451781688822233e-01
2.325378675745327084e-01 7.674621324254674581e-01
2.350371612291173307e-01 7.649628387708826693e-01
2.330884944660079894e-01 7.669115055339918996e-01
2.330900254514613745e-01 7.669099745485384867e-01
2.329759903605704008e-01 7.670240096394295159e-01
2.336531847229970371e-01 7.663468152770028796e-01
2.318787826660542173e-01 7.681212173339457827e-01
2.338062596374175517e-01 7.661937403625826981e-01
2.330687539621625892e-01 7.669312460378372442e-01
2.347673365712033555e-01 7.652326634287967000e-01
2.343985074309083705e-01 7.656014925690916018e-01
2.346987244112809790e-01 7.653012755887191876e-01
2.338041089113139237e-01 7.661958910886861318e-01
2.331318308149231688e-01 7.668681691850768312e-01
2.326589538978005578e-01 7.673410461021994422e-01
2.326246552835494752e-01 7.673753447164505248e-01
2.325580124026356832e-01 7.674419875973643723e-01
2.335461418439602754e-01 7.664538581560396135e-01
2.343789098391045045e-01 7.656210901608953012e-01
2.336297142871368304e-01 7.663702857128630308e-01
2.351557234098593518e-01 7.648442765901405371e-01
2.329902425651558528e-01 7.670097574348440084e-01
2.328992294186902623e-01 7.671007705813099875e-01
2.333644542086995288e-01 7.666355457913006655e-01
2.343107105559304737e-01 7.656892894440695541e-01
2.333521435610063366e-01 7.666478564389938022e-01
2.344114362541280805e-01 7.655885637458720305e-01
2.330229723131184150e-01 7.669770276868816961e-01
2.334257467693970634e-01 7.665742532306026868e-01
2.332242614717393858e-01 7.667757385282605309e-01
2.332092352169508054e-01 7.667907647830490836e-01
2.341915732452554133e-01 7.658084267547445867e-01
2.338646221836965522e-01 7.661353778163034756e-01
2.332335224223646142e-01 7.667664775776351638e-01
2.341567833958434208e-01 7.658432166041565514e-01
2.324436182495802916e-01 7.675563817504196251e-01
2.339563146171092511e-01 7.660436853828904713e-01
2.347272915747110611e-01 7.652727084252890499e-01
2.344543553859378959e-01 7.655456446140620486e-01
2.341670788943296666e-01 7.658329211056704722e-01
2.330416482251677635e-01 7.669583517748322921e-01
2.335775217421315608e-01 7.664224782578685780e-01
2.338334068067285110e-01 7.661665931932712947e-01
2.342009451253561081e-01 7.657990548746438364e-01
2.325344211586777843e-01 7.674655788413219382e-01
2.313160242292257862e-01 7.686839757707744081e-01
2.337643508799847059e-01 7.662356491200154052e-01
2.338576578483250179e-01 7.661423421516750931e-01
2.340783755470072780e-01 7.659216244529927220e-01
2.338386909240657563e-01 7.661613090759343825e-01
2.330126051346209093e-01 7.669873948653791462e-01
2.332218538510046901e-01 7.667781461489953099e-01
2.337123390889578878e-01 7.662876609110419457e-01
2.345673331424348584e-01 7.654326668575651693e-01
2.344584152189105597e-01 7.655415847810893570e-01
2.329889534949902696e-01 7.670110465050095083e-01
2.339251511293873043e-01 7.660748488706129455e-01
2.335987834953988374e-01 7.664012165046011349e-01
2.352685227137072399e-01 7.647314772862927601e-01
2.338324697704668165e-01 7.661675302295331003e-01
2.325704431869339839e-01 7.674295568130659051e-01
2.343411795124345776e-01 7.656588204875652837e-01
2.330930101421703760e-01 7.669069898578295685e-01
2.340161512071955163e-01 7.659838487928043449e-01
2.333432998252143731e-01 7.666567001747853771e-01
2.344268693245422086e-01 7.655731306754576249e-01
2.331669624126001816e-01 7.668330375873998461e-01
2.335576377413881299e-01 7.664423622586116203e-01
2.341867282648021076e-01 7.658132717351977536e-01
2.320529406922146876e-01 7.679470593077855067e-01
2.331971202071984328e-01 7.668028797928015949e-01
2.335528772111320761e-01 7.664471227888678406e-01
2.330325694181040463e-01 7.669674305818959814e-01
2.321647183654584889e-01 7.678352816345415111e-01
2.327302297961930111e-01 7.672697702038068224e-01
2.328701729244773422e-01 7.671298270755227966e-01
2.331087073376946761e-01 7.668912926623050463e-01
2.342394659842860216e-01 7.657605340157137563e-01
2.334850443564616129e-01 7.665149556435385536e-01
2.327481233313747344e-01 7.672518766686252656e-01
2.336549631149730522e-01 7.663450368850269756e-01
2.341499315151742422e-01 7.658500684848257301e-01
2.344034549160680381e-01 7.655965450839317121e-01
2.350857148135998276e-01 7.649142851864003667e-01
2.338061273836379850e-01 7.661938726163619595e-01
2.335304338473869756e-01 7.664695661526128578e-01
2.327343405214142291e-01 7.672656594785857154e-01
2.327291752556568116e-01 7.672708247443432716e-01
2.333276290074083048e-01 7.666723709925917785e-01
2.331438173307410766e-01 7.668561826692591454e-01
2.309691656484654521e-01 7.690308343515345202e-01
2.349629407929374192e-01 7.650370592070625531e-01
2.346034218395885995e-01 7.653965781604115115e-01
2.368052324448477464e-01 7.631947675551522536e-01
2.334822580242546519e-01 7.665177419757451815e-01
2.353342079784948859e-01 7.646657920215048643e-01
2.342079599059704309e-01 7.657920400940293471e-01
2.348680135287620763e-01 7.651319864712378127e-01
2.322893862800553544e-01 7.677106137199447566e-01
2.329215813496554321e-01 7.670784186503447621e-01
2.324728838078832793e-01 7.675271161921168872e-01
2.346279448769585108e-01 7.653720551230416280e-01
2.338797695402839993e-01 7.661202304597160007e-01
2.345587372586136199e-01 7.654412627413864634e-01
2.330902813693938314e-01 7.669097186306063074e-01
2.324782542541466435e-01 7.675217457458531900e-01
2.349463663050798679e-01 7.650536336949199656e-01
2.335533337931714193e-01 7.664466662068284419e-01
2.324718456844240000e-01 7.675281543155760833e-01
2.310098247390104942e-01 7.689901752609892283e-01
2.333455906585472361e-01 7.666544093414525696e-01
2.326164120860243767e-01 7.673835879139755400e-01
2.328409579207479096e-01 7.671590420792521181e-01
2.343817615966818368e-01 7.656182384033183297e-01
2.342117286690116595e-01 7.657882713309884792e-01
2.325425590859667990e-01 7.674574409140334508e-01
2.339993574000098220e-01 7.660006425999899005e-01
2.342155897091553196e-01 7.657844102908448747e-01
2.334483127809313663e-01 7.665516872190686337e-01
2.341099815347822688e-01 7.658900184652178700e-01
2.325155770545178913e-01 7.674844229454821365e-01
2.331605600122161059e-01 7.668394399877839218e-01
2.326149957424636650e-01 7.673850042575361963e-01
2.326619430201666283e-01 7.673380569798334827e-01
2.326658067526567175e-01 7.673341932473430882e-01
2.347906505449774139e-01 7.652093494550228359e-01
2.339559942337085252e-01 7.660440057662913915e-01
2.337781219757974482e-01 7.662218780242028293e-01
2.336593194538837959e-01 7.663406805461160376e-01
2.347793580903488053e-01 7.652206419096510004e-01
2.352551486071716158e-01 7.647448513928284397e-01
2.346690140257769730e-01 7.653309859742231103e-01
2.327441382883796150e-01 7.672558617116203017e-01
2.329950752265789182e-01 7.670049247734209708e-01
2.340317156869295145e-01 7.659682843130706242e-01
2.336636539864663520e-01 7.663363460135337313e-01
2.331988497159497298e-01 7.668011502840502702e-01
2.334219151867798492e-01 7.665780848132203174e-01
2.339131868096721856e-01 7.660868131903277867e-01
2.342854891730048184e-01 7.657145108269954870e-01
2.344610939304640762e-01 7.655389060695358960e-01
2.332837491233237248e-01 7.667162508766761642e-01
2.349347787883067917e-01 7.650652212116932915e-01
2.325227291682699093e-01 7.674772708317301184e-01
2.317302157368557325e-01 7.682697842631442953e-01
2.343623778252283685e-01 7.656376221747717148e-01
2.330063191755372409e-01 7.669936808244628423e-01
2.336332175636795516e-01 7.663667824363205039e-01
2.334897832004472207e-01 7.665102167995526683e-01
2.335857945715648087e-01 7.664142054284351913e-01
2.329779168864780647e-01 7.670220831135219353e-01
2.328439080909301961e-01 7.671560919090697483e-01
2.341744010969763201e-01 7.658255989030235966e-01
2.343752212191098638e-01 7.656247787808899696e-01
2.343463159214099201e-01 7.656536840785901354e-01
2.328739456669024765e-01 7.671260543330975512e-01
2.337451954707626123e-01 7.662548045292372212e-01
2.333621941403764277e-01 7.666378058596234890e-01
2.346265942705128560e-01 7.653734057294870885e-01
2.337284913955581522e-01 7.662715086044417090e-01
2.327499712926057729e-01 7.672500287073941161e-01
2.341480910883177446e-01 7.658519089116823109e-01
2.336194496294312362e-01 7.663805503705688471e-01
2.340394240323590835e-01 7.659605759676411108e-01
2.336253332604574240e-01 7.663746667395424650e-01
2.327882298006551665e-01 7.672117701993448335e-01
2.338982866228692115e-01 7.661017133771309551e-01
2.326068594280627233e-01 7.673931405719373045e-01
2.342981007997408938e-01 7.657018992002588842e-01
2.340231794291630918e-01 7.659768205708370470e-01
2.347996801858966975e-01 7.652003198141033025e-01
2.339442320807093023e-01 7.660557679192905312e-01
2.339538273463714901e-01 7.660461726536285099e-01
2.334134961853579493e-01 7.665865038146422172e-01
2.349380261702189165e-01 7.650619738297810279e-01
2.329829515347222602e-01 7.670170484652776288e-01
2.322383848415590646e-01 7.677616151584408799e-01
2.336178527042412356e-01 7.663821472957589309e-01
2.336614940709806632e-01 7.663385059290191981e-01
2.334499517000665769e-01 7.665500482999334508e-01
2.337817574664896869e-01 7.662182425335103408e-01
2.344214704133113225e-01 7.655785295866883722e-01
2.329889202795208114e-01 7.670110797204792163e-01
2.325946233088144188e-01 7.674053766911854702e-01
2.351241443726438674e-01 7.648758556273559384e-01
2.350427345445571803e-01 7.649572654554428475e-01
2.330306462452956251e-01 7.669693537547042084e-01
2.345509492856186484e-01 7.654490507143812961e-01
2.339188749295890157e-01 7.660811250704111508e-01
2.342045101830322329e-01 7.657954898169677671e-01
2.335734802952611766e-01 7.664265197047387401e-01
2.359241873908032305e-01 7.640758126091967695e-01
2.335715278297528785e-01 7.664284721702470105e-01
2.340394178727255303e-01 7.659605821272743587e-01
2.331924026389591287e-01 7.668075973610409823e-01
2.311543634175396988e-01 7.688456365824604122e-01
2.350325083755025468e-01 7.649674916244973977e-01
2.317698358573979656e-01 7.682301641426021455e-01
2.325115588233369890e-01 7.674884411766631498e-01
2.339246200999786085e-01 7.660753799000213915e-01
2.340273958800169751e-01 7.659726041199829139e-01
2.326504763788152241e-01 7.673495236211848036e-01
2.344341962263649382e-01 7.655658037736352561e-01
2.339021988233952187e-01 7.660978011766048645e-01
2.349560384065119412e-01 7.650439615934883086e-01
2.335700293755828272e-01 7.664299706244173116e-01
2.358450926526662605e-01 7.641549073473337117e-01
2.328562581326525105e-01 7.671437418673475728e-01
2.333305049875911696e-01 7.666694950124088859e-01
2.352219264599801907e-01 7.647780735400198093e-01
2.337064518077493214e-01 7.662935481922509284e-01
2.344574284550005328e-01 7.655425715449993840e-01
2.343451070246595491e-01 7.656548929753406174e-01
2.322128148655069890e-01 7.677871851344928444e-01
2.340616958818015070e-01 7.659383041181984098e-01
2.337619831429968431e-01 7.662380168570033234e-01
2.318112590514747051e-01 7.681887409485251839e-01
2.340620662485953796e-01 7.659379337514046204e-01
2.340466762243378629e-01 7.659533237756622759e-01
2.336778899552955091e-01 7.663221100447044076e-01
2.350331462505458879e-01 7.649668537494540566e-01
2.338055644300922609e-01 7.661944355699076281e-01
2.331976269300202187e-01 7.668023730699796703e-01
2.320407222273142278e-01 7.679592777726856889e-01
2.338635574646957538e-01 7.661364425353044405e-01
2.338133091789813545e-01 7.661866908210187566e-01
2.333068168129059095e-01 7.666931831870942293e-01
2.337285665203013285e-01 7.662714334796987270e-01
2.329067679183980111e-01 7.670932320816020722e-01
2.326903054123244108e-01 7.673096945876755060e-01
2.338357331791817983e-01 7.661642668208183959e-01
2.336063008027982890e-01 7.663936991972016832e-01
2.336605508900079509e-01 7.663394491099918548e-01
2.340101357449088648e-01 7.659898642550911907e-01
2.332348780912796848e-01 7.667651219087204817e-01
2.338837021209631828e-01 7.661162978790369005e-01
2.340885541664123048e-01 7.659114458335878339e-01
2.356059646678586861e-01 7.643940353321414527e-01
2.325308774837150649e-01 7.674691225162849628e-01
2.349820651143890993e-01 7.650179348856107620e-01
2.326178086594427596e-01 7.673821913405574069e-01
2.342379010936083139e-01 7.657620989063916861e-01
2.335270333631664086e-01 7.664729666368336192e-01
2.314885587474434514e-01 7.685114412525564376e-01
2.343090011474134315e-01 7.656909988525866240e-01
2.335844320634590521e-01 7.664155679365409757e-01
2.346009219890581310e-01 7.653990780109419800e-01
2.329531437244311554e-01 7.670468562755691222e-01
2.318405442862609966e-01 7.681594557137391144e-01
2.339338111442881007e-01 7.660661888557116495e-01
2.353947667114847375e-01 7.646052332885154845e-01
2.339778049263298854e-01 7.660221950736700869e-01
2.345267551256237371e-01 7.654732448743761797e-01
2.345535924094863112e-01 7.654464075905136333e-01
2.345359649250964018e-01 7.654640350749035704e-01
2.347587108316905591e-01 7.652412891683096907e-01
2.339642905441562393e-01 7.660357094558437607e-01
2.319513589431046741e-01 7.680486410568950761e-01
2.338981914711605048e-01 7.661018085288395785e-01
2.325407354715424979e-01 7.674592645284575854e-01
2.332663630383295106e-01 7.667336369616705172e-01
2.338020248118953814e-01 7.661979751881043965e-01
2.329401890362501615e-01 7.670598109637497553e-01
2.347931938806597230e-01 7.652068061193403326e-01
2.328937996575714542e-01 7.671062003424286013e-01
2.341494063271761794e-01 7.658505936728238206e-01
2.347878649915882965e-01 7.652121350084118978e-01
2.330607774842314572e-01 7.669392225157685150e-01
2.351769636215732540e-01 7.648230363784266350e-01
2.343163365060856318e-01 7.656836634939143682e-01
2.330759968325021303e-01 7.669240031674980917e-01
2.333346114125989523e-01 7.666653885874011864e-01
2.336064940254615196e-01 7.663935059745387024e-01
2.325156367782501565e-01 7.674843632217497325e-01
2.323943860911820425e-01 7.676056139088178742e-01
2.342802517237923543e-01 7.657197482762074792e-01
2.338489230066371494e-01 7.661510769933627119e-01
2.332739580059665363e-01 7.667260419940332694e-01
2.350916690233994522e-01 7.649083309766004923e-01
2.322656332020367198e-01 7.677343667979634745e-01
2.354036731951326678e-01 7.645963268048674433e-01
2.376708194904647853e-01 7.623291805095350204e-01
2.347582740165872761e-01 7.652417259834127794e-01
2.347887088479504725e-01 7.652112911520496663e-01
2.332106951315059962e-01 7.667893048684939483e-01
2.351410519692979650e-01 7.648589480307020905e-01
2.338136513437980846e-01 7.661863486562019432e-01
2.332362245785064570e-01 7.667637754214937651e-01
2.322289572997991991e-01 7.677710427002009119e-01
2.325506222697740211e-01 7.674493777302258124e-01
2.323865619210140621e-01 7.676134380789860767e-01
2.352709774152640376e-01 7.647290225847357403e-01
2.339685814699936639e-01 7.660314185300064471e-01
2.324592696973432071e-01 7.675407303026565708e-01
2.332146965787720849e-01 7.667853034212277485e-01
2.345945038675562311e-01 7.654054961324436857e-01
2.317312318776608149e-01 7.682687681223391296e-01
2.341056196723051708e-01 7.658943803276948570e-01
2.332229593328193629e-01 7.667770406671806649e-01
2.326495685838267380e-01 7.673504314161730955e-01
2.337990931413475026e-01 7.662009068586524974e-01
2.328612696550808048e-01 7.671387303449193062e-01
2.324925286429387339e-01 7.675074713570613216e-01
2.327202771538162407e-01 7.672797228461836205e-01
2.341495566334327871e-01 7.658504433665673794e-01
2.333083428309956353e-01 7.666916571690046700e-01
2.334552681347294989e-01 7.665447318652702791e-01
2.328775401761324915e-01 7.671224598238678416e-01
2.342310278245072486e-01 7.657689721754928902e-01
2.340322578928956676e-01 7.659677421071046099e-01
2.314842115194031824e-01 7.685157884805966511e-01
2.344880286161343530e-01 7.655119713838657303e-01
2.336560490285413128e-01 7.663439509714586872e-01
2.334487292511056855e-01 7.665512707488943978e-01
2.320086086386702051e-01 7.679913913613296561e-01
2.344114346950516292e-01 7.655885653049483430e-01
2.337717503381885054e-01 7.662282496618115779e-01
2.339153750640238782e-01 7.660846249359759552e-01
2.338578088748183570e-01 7.661421911251815597e-01
2.331031497057586555e-01 7.668968502942415943e-01
2.331768958064067421e-01 7.668231041935932302e-01
2.350287760140690185e-01 7.649712239859312035e-01
2.342015633158654742e-01 7.657984366841344981e-01
2.345399525272812147e-01 7.654600474727187853e-01
2.354827409882304101e-01 7.645172590117695899e-01
2.342294707713163671e-01 7.657705292286833831e-01
2.337352358696831167e-01 7.662647641303167445e-01
2.335138328545175168e-01 7.664861671454825665e-01
2.334599890329800143e-01 7.665400109670200690e-01
2.334340386493952424e-01 7.665659613506046188e-01
2.333851574264619866e-01 7.666148425735380689e-01
2.319183931521982822e-01 7.680816068478016900e-01
2.319792767876475426e-01 7.680207232123522632e-01
2.321767649112836396e-01 7.678232350887164159e-01
2.341072057001640228e-01 7.658927942998359217e-01
2.337808954272852513e-01 7.662191045727146932e-01
2.343422150598610532e-01 7.656577849401390301e-01
2.339966322941387511e-01 7.660033677058610824e-01
2.328267346855487918e-01 7.671732653144512915e-01
2.341518701000669667e-01 7.658481298999331166e-01
2.328657276040206336e-01 7.671342723959794219e-01
2.322787568783822865e-01 7.677212431216177135e-01
2.327093115879562690e-01 7.672906884120436199e-01
2.326100626697730211e-01 7.673899373302269789e-01
2.333739495952518728e-01 7.666260504047481827e-01
2.347640257875136804e-01 7.652359742124864583e-01
2.347623791450044184e-01 7.652376208549954706e-01
2.331230001448119926e-01 7.668769998551880906e-01
2.330036777706965823e-01 7.669963222293034733e-01
2.350086848936620842e-01 7.649913151063378880e-01
2.354731926093415750e-01 7.645268073906584805e-01
2.339972456768775744e-01 7.660027543231223701e-01
2.339350366605893738e-01 7.660649633394104319e-01
2.337046095996092310e-01 7.662953904003907413e-01
2.329303704847464629e-01 7.670696295152535926e-01
2.334325148543249795e-01 7.665674851456748540e-01
2.332497771029203859e-01 7.667502228970797251e-01
2.330492234137387098e-01 7.669507765862612070e-01
2.328925645892638008e-01 7.671074354107361160e-01
2.336805197470038786e-01 7.663194802529957883e-01
2.323523240946338275e-01 7.676476759053662002e-01
2.332905950523908867e-01 7.667094049476091966e-01
2.330035591732321498e-01 7.669964408267677669e-01
2.333242491799404350e-01 7.666757508200594540e-01
2.337947976660787464e-01 7.662052023339214202e-01
2.338630824555453513e-01 7.661369175444544544e-01
2.378976706170540800e-01 7.621023293829460865e-01
2.328730057991325042e-01 7.671269942008673848e-01
2.335664172310705222e-01 7.664335827689296998e-01
2.338031027442088183e-01 7.661968972557914315e-01
2.332660836757549372e-01 7.667339163242450351e-01
2.332078019186361317e-01 7.667921980813637850e-01
2.377234285372071543e-01 7.622765714627928180e-01
2.333011474374922234e-01 7.666988525625079154e-01
2.330274419312325929e-01 7.669725580687671851e-01
2.334432252785123840e-01 7.665567747214875327e-01
2.336320167519947977e-01 7.663679832480051468e-01
2.315246812948819899e-01 7.684753187051176493e-01
2.349372028018677783e-01 7.650627971981321940e-01
2.330054296927371593e-01 7.669945703072629239e-01
2.334507548664100374e-01 7.665492451335901292e-01
2.326111004600468768e-01 7.673888995399532620e-01
2.337404862927507099e-01 7.662595137072494289e-01
2.337320880658714795e-01 7.662679119341286871e-01
2.331722155542058361e-01 7.668277844457939141e-01
2.349847731804792228e-01 7.650152268195209437e-01
2.337650927456176309e-01 7.662349072543822581e-01
2.312344528485570094e-01 7.687655471514431849e-01
2.325347414293743031e-01 7.674652585706255303e-01
2.339822148843843097e-01 7.660177851156155793e-01
2.346864474831509284e-01 7.653135525168491826e-01
2.331558132313811260e-01 7.668441867686188740e-01
2.323911154903636200e-01 7.676088845096361579e-01
2.339443385162421618e-01 7.660556614837579215e-01
2.329961612491669998e-01 7.670038387508327782e-01
2.345540063124957053e-01 7.654459936875043224e-01
2.328334916281701306e-01 7.671665083718299805e-01
2.336649036661627987e-01 7.663350963338373401e-01
2.314337328311117659e-01 7.685662671688880954e-01
2.339943786229833345e-01 7.660056213770164435e-01
2.330946605362018698e-01 7.669053394637980192e-01
2.349858409116487856e-01 7.650141590883511311e-01
2.332986011943550819e-01 7.667013988056448071e-01
2.367452524843894901e-01 7.632547475156107319e-01
2.331683680104858769e-01 7.668316319895140953e-01
2.328042233936713223e-01 7.671957766063285389e-01
2.335024943322661639e-01 7.664975056677337806e-01
2.322905601043739054e-01 7.677094398956259003e-01
2.336070095450266948e-01 7.663929904549733330e-01
2.331901224529427941e-01 7.668098775470573170e-01
2.346531939521002696e-01 7.653468060478996193e-01
2.327016038555739796e-01 7.672983961444260759e-01
2.330113874000813989e-01 7.669886125999184623e-01
2.347717809987596715e-01 7.652282190012401619e-01
2.336913534659202929e-01 7.663086465340795961e-01
2.337565402987021035e-01 7.662434597012977022e-01
2.339517633635061489e-01 7.660482366364939066e-01
2.340244908269214219e-01 7.659755091730783283e-01
2.342150532127305063e-01 7.657849467872696048e-01
2.336394342707790728e-01 7.663605657292208440e-01
2.341176226776762737e-01 7.658823773223237819e-01
2.327489346038940088e-01 7.672510653961062133e-01
2.337489538073683482e-01 7.662510461926316241e-01
2.332094609022804244e-01 7.667905390977197699e-01
2.342833035203998326e-01 7.657166964796005004e-01
2.325410367741874706e-01 7.674589632258126404e-01
2.337921974898983513e-01 7.662078025101014545e-01
2.338934668609878031e-01 7.661065331390122246e-01
2.336260801067386872e-01 7.663739198932612018e-01
2.345261237958743417e-01 7.654738762041256583e-01
2.333342856993952108e-01 7.666657143006049280e-01
2.306474028414249589e-01 7.693525971585749579e-01
2.328395617535727602e-01 7.671604382464273231e-01
2.329994589361649437e-01 7.670005410638348620e-01
2.331228690123893499e-01 7.668771309876105668e-01
2.351417834175074661e-01 7.648582165824927559e-01
2.339495488463870787e-01 7.660504511536128103e-01
2.345239396245087093e-01 7.654760603754914294e-01
2.336422129502131184e-01 7.663577870497869649e-01
2.341734226795791907e-01 7.658265773204209204e-01
2.330380324261372149e-01 7.669619675738627018e-01
2.321099746424474253e-01 7.678900253575525747e-01
2.336522197351813268e-01 7.663477802648186454e-01
2.323208425661650589e-01 7.676791574338349688e-01
2.329690051108637694e-01 7.670309948891363971e-01
2.329965521787160931e-01 7.670034478212838236e-01
2.353163108702954476e-01 7.646836891297044136e-01
2.323403707360499337e-01 7.676596292639500385e-01
2.339675780495540647e-01 7.660324219504458521e-01
2.341002564815034270e-01 7.658997435184965452e-01
2.325736155648163161e-01 7.674263844351837394e-01
2.346432725191500424e-01 7.653567274808500409e-01
2.338530776066143901e-01 7.661469223933856654e-01
2.335150906898584566e-01 7.664849093101415711e-01
2.325655424171311492e-01 7.674344575828687676e-01
2.334279792077882942e-01 7.665720207922117613e-01
2.327332427752021871e-01 7.672667572247979795e-01
2.326827626026774509e-01 7.673172373973228266e-01
2.346176691408913551e-01 7.653823308591086727e-01
2.326642696644519448e-01 7.673357303355478054e-01
2.335843418295212304e-01 7.664156581704786309e-01
2.334001318814503123e-01 7.665998681185497432e-01
2.345179996137215228e-01 7.654820003862783384e-01
2.330127083554996426e-01 7.669872916445004130e-01
2.330649121251066325e-01 7.669350878748936173e-01
2.329594245809090414e-01 7.670405754190910974e-01
2.343252216831989698e-01 7.656747783168009747e-01
2.334626789606335517e-01 7.665373210393662262e-01
2.347044368515270041e-01 7.652955631484730237e-01
2.349261903175308419e-01 7.650738096824691858e-01
2.330971164254790895e-01 7.669028835745209660e-01
2.334607914021096242e-01 7.665392085978904868e-01
2.340466436656963856e-01 7.659533563343036144e-01
2.342325967798142838e-01 7.657674032201856607e-01
2.338671615285366212e-01 7.661328384714631845e-01
2.327074600166715579e-01 7.672925399833284699e-01
2.330105273823584178e-01 7.669894726176412769e-01
2.337914637363636416e-01 7.662085362636364971e-01
2.343620118172904110e-01 7.656379881827095613e-01
2.323664053477655644e-01 7.676335946522344633e-01
2.341170611929635492e-01 7.658829388070363953e-01
2.326149401977458120e-01 7.673850598022542435e-01
2.328536767625765114e-01 7.671463232374234886e-01
2.331408338896566179e-01 7.668591661103431045e-01
2.319609251299047104e-01 7.680390748700951509e-01
2.354601871239775379e-01 7.645398128760223511e-01
2.328223517062171233e-01 7.671776482937828767e-01
2.330073405642633100e-01 7.669926594357368010e-01
2.337001909596511939e-01 7.662998090403486673e-01
2.334514049045465500e-01 7.665485950954533667e-01
2.336075253246685524e-01 7.663924746753314476e-01
2.332205938949631630e-01 7.667794061050369203e-01
2.348180392855293008e-01 7.651819607144706437e-01
2.318785525851665974e-01 7.681214474148334581e-01
2.333702083706612751e-01 7.666297916293387527e-01
2.335316237614346591e-01 7.664683762385652299e-01
2.336181252566524313e-01 7.663818747433477352e-01
2.335014824920587373e-01 7.664985175079411794e-01
2.318296516276796837e-01 7.681703483723204551e-01
2.404316315515126201e-01 7.595683684484874076e-01
2.338254221948977418e-01 7.661745778051022304e-01
2.332589033453918714e-01 7.667410966546082118e-01
2.350569394194889916e-01 7.649430605805110917e-01
2.335622761767311706e-01 7.664377238232689127e-01
2.319259964442629551e-01 7.680740035557372947e-01
2.334886881078759580e-01 7.665113118921239588e-01
2.335926260354088679e-01 7.664073739645910210e-01
2.347027692028040846e-01 7.652972307971955823e-01
2.339750803511499166e-01 7.660249196488501111e-01
2.351360750061377014e-01 7.648639249938622431e-01
2.332170770068790755e-01 7.667829229931208967e-01
2.342295835942007076e-01 7.657704164057993479e-01
2.355035357294229803e-01 7.644964642705768254e-01
2.326200437403279087e-01 7.673799562596719248e-01
2.354500497837087869e-01 7.645499502162911298e-01
2.345868210663208386e-01 7.654131789336793279e-01
2.345063544182632298e-01 7.654936455817367147e-01
2.325161856326455889e-01 7.674838143673542445e-01
2.326756141412346657e-01 7.673243858587653898e-01
2.339675877484616306e-01 7.660324122515382861e-01
2.320735772530996832e-01 7.679264227469004833e-01
2.336834933413923232e-01 7.663165066586076213e-01
2.342740935252488332e-01 7.657259064747512500e-01
2.328474072465979983e-01 7.671525927534020850e-01
2.346820236974669904e-01 7.653179763025329541e-01
2.326240376978009339e-01 7.673759623021991771e-01
2.340506104356197548e-01 7.659493895643803008e-01
2.355269894790401330e-01 7.644730105209600612e-01
2.341737835854573735e-01 7.658262164145426265e-01
2.315090347090597578e-01 7.684909652909401867e-01
2.331513571764294579e-01 7.668486428235705699e-01
2.324321577288355201e-01 7.675678422711645910e-01
2.337746028389976471e-01 7.662253971610024639e-01
2.340608166103463617e-01 7.659391833896537216e-01
2.382772392613514978e-01 7.617227607386484189e-01
2.329253839589470187e-01 7.670746160410529813e-01
2.323066713552087992e-01 7.676933286447911176e-01
2.330209321614856166e-01 7.669790678385142169e-01
2.335068295853383324e-01 7.664931704146616953e-01
2.345894668617032608e-01 7.654105331382966559e-01
2.346014188358324370e-01 7.653985811641672576e-01
2.339009949779958519e-01 7.660990050220040093e-01
2.328476895533432844e-01 7.671523104466567711e-01
2.348087526705212036e-01 7.651912473294788519e-01
2.319060627004186359e-01 7.680939372995811976e-01
2.344038503181587185e-01 7.655961496818410872e-01
2.333609752809232274e-01 7.666390247190769669e-01
2.350533656320712150e-01 7.649466343679287572e-01
2.321491415758241417e-01 7.678508584241758861e-01
2.353629475635259927e-01 7.646370524364738408e-01
2.327976617649789859e-01 7.672023382350209308e-01
2.358752257280515297e-01 7.641247742719485814e-01
2.330790105349686003e-01 7.669209894650315107e-01
2.345016707071490014e-01 7.654983292928511096e-01
2.334524893957125036e-01 7.665475106042874964e-01
2.335488112051360143e-01 7.664511887948641800e-01
2.317329054305335700e-01 7.682670945694662912e-01
2.341776044219204544e-01 7.658223955780794068e-01
2.333977670797543202e-01 7.666022329202457630e-01
2.346085476342174292e-01 7.653914523657826541e-01
2.329957464809192524e-01 7.670042535190808586e-01
2.336033976745819085e-01 7.663966023254182858e-01
2.324786791658761120e-01 7.675213208341237214e-01
2.344893879264621506e-01 7.655106120735377662e-01
2.338866327398317069e-01 7.661133672601682099e-01
2.330501617855815777e-01 7.669498382144184223e-01
2.341479707154370815e-01 7.658520292845629740e-01
2.321882503963904332e-01 7.678117496036094280e-01
2.337257772488846308e-01 7.662742227511152304e-01
2.349685622443947186e-01 7.650314377556053369e-01
2.353942220559624432e-01 7.646057779440375013e-01
2.335740677041214242e-01 7.664259322958786314e-01
2.345386556343076190e-01 7.654613443656923533e-01
2.318936667936348783e-01 7.681063332063652327e-01
2.355714476102234167e-01 7.644285523897764723e-01
2.338180674297003492e-01 7.661819325702995398e-01
2.354055344684874151e-01 7.645944655315124461e-01
2.342121340111246452e-01 7.657878659888750494e-01
2.325951513603591037e-01 7.674048486396409796e-01
2.335258553044221030e-01 7.664741446955778414e-01
2.340853309264501469e-01 7.659146690735498808e-01
2.332151210639427374e-01 7.667848789360570683e-01
2.348702102403869008e-01 7.651297897596130992e-01
2.346169327886939715e-01 7.653830672113061118e-01
2.332641952769171634e-01 7.667358047230827811e-01
2.347600637010887892e-01 7.652399362989110720e-01
2.341439727499723400e-01 7.658560272500277710e-01
2.334866824267042285e-01 7.665133175732956605e-01
2.335546748487405400e-01 7.664453251512595156e-01
2.330793009578760178e-01 7.669206990421238990e-01
2.334692601308983873e-01 7.665307398691016960e-01
2.336733284437643166e-01 7.663266715562355724e-01
2.343005278099205002e-01 7.656994721900793888e-01
2.330820222112483242e-01 7.669179777887515925e-01
2.326568006503876573e-01 7.673431993496123704e-01
2.332107979540318787e-01 7.667892020459681213e-01
2.326748147275631284e-01 7.673251852724368716e-01
2.331452199336801479e-01 7.668547800663196856e-01
2.323412428496448301e-01 7.676587571503552532e-01
2.339755735298364725e-01 7.660244264701633332e-01
2.333744755367316293e-01 7.666255244632684818e-01
2.335997196957072530e-01 7.664002803042926359e-01
2.332761420278180453e-01 7.667238579721818992e-01
2.337216766992231687e-01 7.662783233007770534e-01
2.329558916988065664e-01 7.670441083011935168e-01
2.337638637742530390e-01 7.662361362257471553e-01
2.335031937457109630e-01 7.664968062542890648e-01
2.331153982758017162e-01 7.668846017241983670e-01
2.337980217128055316e-01 7.662019782871942741e-01
2.357173318152565311e-01 7.642826681847434411e-01
2.330944273590540572e-01 7.669055726409460538e-01
2.355027290447954669e-01 7.644972709552045886e-01
2.338757569114593982e-01 7.661242430885407684e-01
2.331633875255380295e-01 7.668366124744621093e-01
2.333014263106025776e-01 7.666985736893973113e-01
2.327034364149964396e-01 7.672965635850034216e-01
2.333605251460274255e-01 7.666394748539725468e-01
2.333518938647768104e-01 7.666481061352231618e-01
2.335869520517816766e-01 7.664130479482182956e-01
2.353103809286658521e-01 7.646896190713340369e-01
2.330392366487233913e-01 7.669607633512764977e-01
2.333029394579713145e-01 7.666970605420287965e-01
2.335998336537332687e-01 7.664001663462666203e-01
2.333466611808807101e-01 7.666533388191193454e-01
2.339046629094456986e-01 7.660953370905539961e-01
2.339176523764301685e-01 7.660823476235699703e-01
2.346412681995714289e-01 7.653587318004286821e-01
2.336862370664213595e-01 7.663137629335785572e-01
2.333419754047116601e-01 7.666580245952885342e-01
2.355550258513457451e-01 7.644449741486541994e-01
2.336885841882756776e-01 7.663114158117243502e-01
2.339008938476258570e-01 7.660991061523743095e-01
2.339355662858136065e-01 7.660644337141866433e-01
2.315296568941224986e-01 7.684703431058775847e-01
2.333104056563131967e-01 7.666895943436865535e-01
2.334937660141795934e-01 7.665062339858205176e-01
2.328365860658682673e-01 7.671634139341320102e-01
2.344751027755876682e-01 7.655248972244123040e-01
2.329196507865244625e-01 7.670803492134754542e-01
2.344028830814404718e-01 7.655971169185594727e-01
2.331217884618331238e-01 7.668782115381664877e-01
2.335174184349316784e-01 7.664825815650685437e-01
2.333914644927884974e-01 7.666085355072115304e-01
2.333399269085763561e-01 7.666600730914235884e-01
2.333731831444644800e-01 7.666268168555354645e-01
2.338480537983146645e-01 7.661519462016851412e-01
2.322357114687267354e-01 7.677642885312730980e-01
2.350441405838059883e-01 7.649558594161940395e-01
2.340114859429202332e-01 7.659885140570799056e-01
2.342196079806220799e-01 7.657803920193778646e-01
2.338799929074441009e-01 7.661200070925557881e-01
2.343428791989765336e-01 7.656571208010235496e-01
2.339925982421987571e-01 7.660074017578013539e-01
2.339279512607913558e-01 7.660720487392086442e-01
2.336184124656570382e-01 7.663815875343430450e-01
